31195
747870
986701
747131
193011
715253
888034
133440
226007
848807
843144
580724
392665
918795
884436
843960
406296
919520
707280
18754
864162
825226
552372
256098
940340
474347
862196
209711
8860
706522
498995
172370
300800
383555
905045
266222
930551
368987
255730
14891
221717
64829
630374
117470
465604
629478
809413
512726
21965
968074
473414
154614
266577
362163
339274
355910
782705
749502
481816
899172
293672
261747
395140
456094
237719
639045
842095
676165
825910
916207
641933
177972
684152
528381
581714
629618
949180
327300
864377
731053
447852
510834
969009
259111
363254
836224
981668
349037
432741
156100
250020
952321
141979
13876
940185
701421
503523
446513
323200
340571
881182
504540
54235
798762
569426
169413
122950
526304
491798
672532
191837
232604
947623
788919
795287
679631
875041
321060
566732
914779
62089
261385
613335
896710
191558
834008
152406
749979
84272
431784
711310
659805
529985
299018
921452
37673
816297
848294
89447
917309
714396
761920
629036
839567
807884
985579
990576
996377
24381
81544
634599
858706
799547
661002
619582
582691
802529
424312
341171
328243
792713
700242
691153
935070
249803
706891
794375
68677
343028
640757
732708
708799
268933
897019
781618
888366
814116
7943
920748
432748
406756
296708
594348
195965
388309
318204
682950
891172
134730
333423
209798
389551
192202
683257
399253
433437
658521
122924
631385
698967
686636
551776
564098
28721
753216
998023
385460
36367
312215
210014
487564
504101
737616
22464
724433
564758
612450
433941
197369
196990
784373
547559
582805
742411
510109
130773
960090
276934
538931
39648
365132
84656
127314
122466
823752
983175
500139
105695
421167
432488
160326
14324
529131
549390
818773
486188
992991
125112
349494
457394
828463
611369
100166
470368
541800
2505
825693
284853
250318
725545
343657
801190
56641
607396
922026
429195
132811
231584
72071
34106
129609
790516
277900
40177
348915
346212
299969
13036
296457
881799
820904
580439
703067
881802
267090
509854
350453
998669
127582
21024
658086
786091
351375
9601
13036
777815
962121
55710
320318
845153
837224
943836
704310
387992
174845
496026
212440
850378
706982
213637
629891
578215
993801
957769
586610
628612
417581
309412
786799
628155
527413
508695
541846
259695
721593
490871
376770
309485
334338
48288
987798
216430
285218
101512
488618
784185
600686
287217
917967
850405
747354
400568
372737
174844
846255
389195
508200
893563
260267
516472
965323
391159
239669
874336
807634
449945
147131
390602
931958
591178
595690
410452
679431
870634
502345
149764
181529
79033
204402
807420
76364
832536
185455
533900
309367
587242
149165
807522
882097
747477
579039
734492
38395
522213
98802
105662
937997
620239
194472
274047
451003
642386
566676
306878
877380
788665
544689
78610
244728
934206
922590
743870
963
113032
341754
976579
995417
523477
931736
52176
357952
18803
788319
883797
486197
140137
642881
291509
83580
752818
688278
586778
257927
719081
933716
587490
688002
107520
163501
443895
187257
771050
66693
187324
825319
44953
605263
128547
728092
966625
110723
481115
200137
212028
293246
164007
671531
576615
669109
455562
188114
638761
914583
217822
848334
755571
598847
759108
706037
914147
813971
574582
149522
116195
556796
690425
165549
459502
890306
837998
411315
338483
508931
901190
715970
350801
553231
490709
983123
625219
970339
791168
659717
106133
737344
423441
726082
940244
289576
859049
733200
449413
499893
543445
299510
771211
789078
114425
75976
730924
753638
724072
606610
726573
848170
205974
474653
141721
303271
533733
309216
518113
994398
71771
42886
840733
599078
787957
231192
741872
817892
874388
60296
307402
32552
322838
528345
64520
780647
907968
614765
592310
390481
760343
864365
792372
655
528270
829839
62838
544027
647897
99655
404965
233467
749856
269516
148771
951195
61583
166213
488044
697542
416010
54672
175639
511041
442238
572527
861948
915332
239635
22992
960496
709142
835133
789880
291884
116740
518322
363723
707404
689661
536182
692858
945075
372749
460433
976009
312139
84788
133410
897468
8618
410466
585486
507421
407120
249490
510737
722925
757645
417792
497140
193573
159040
997128
958175
873447
342841
207325
489542
634758
85056
968098
772671
682222
401711
849064
631284
719538
49146
292997
201524
222065
602383
482445
482276
155107
296792
893040
659538
156677
990942
428592
673002
590111
601223
469629
993153
87919
140736
439086
886159
814196
727285
462686
410746
809048
398717
136033
366925
423930
887955
499234
758151
258840
232255
240602
871056
895830
124436
46127
882118
790445
543570
356647
600502
586419
256683
991239
167399
766658
454179
433420
102032
142600
168592
504389
130921
84203
212033
890123
217310
724694
710907
733342
673824
588709
141791
314718
685590
310633
836583
89507
810738
240216
446479
316281
76126
255956
225232
647355
845844
118166
765319
376331
490573
660727
715573
58219
892177
567131
141728
306939
409581
347450
760598
73615
580227
353548
954961
467564
980155
846545
625654
411487
292503
302458
267000
841659
414053
967479
610649
488813
278349
217310
895249
484861
340298
22005
755207
41955
704694
471708
451644
854724
677117
647130
751431
371336
966516
637186
360763
521881
848322
272257
17316
409657
81660
992775
838320
169472
239951
12368
854507
257009
545878
469710
52451
349880
8780
350453
671211
188163
226203
216866
422266
348922
2579
49769
959283
506588
248383
165431
723888
279086
920470
906820
102500
302132
652957
315357
782241
38162
402666
53339
578163
585434
137315
635408
22230
245612
364996
707678
159622
483938
389438
207730
925553
138716
932989
393889
8782
746535
394498
885405
165511
936332
185456
853779
57426
248947
498530
653157
435358
997427
28025
668991
657640
156663
51443
170648
784428
832910
868342
110855
925241
153358
543469
81407
796893
610726
667593
68137
428032
762751
150185
231836
56205
226511
190292
315516
958475
295930
208483
935084
853194
386468
740668
760945
642040
581143
426553
365860
865747
477390
658790
797587
36089
731740
517865
826102
499547
39996
432125
454985
472720
219318
614551
759435
221125
918634
771625
940433
487635
611836
753220
716615
700073
548444
903320
237380
738664
655024
547479
20937
770702
575585
419576
772375
460425
174655
385624
204266
828653
897618
477370
705173
404801
942654
938799
716667
41972
70417
765457
65831
411437
534445
348073
124169
964608
233613
97712
38350
866492
962421
440051
523226
383713
912634
84047
611813
425775
716139
928796
896879
658265
829915
12647
860449
331545
420876
469847
60418
391581
384890
23408
339154
758943
492929
999798
772807
996498
223979
32745
413281
53624
65178
87663
823596
409744
646607
808272
720658
373613
28500
733851
373082
250978
773964
448101
403585
244570
479701
991665
21683
695940
130519
777131
40870
504939
164140
4495
863188
557155
666028
719911
920787
37023
391251
714609
899858
296928
923473
711774
95026
871944
36015
625719
1357
815641
7970
7970
7970
7970
7970
7970
7970
7970
